0000000191
0000000188
0000000077
0000000100
0000000297
0000000203
0000000081
0000000279
0000000101
0000000258
0000000224
0000000050
0000000184
0000000108
0000000439
0000000107
0000000120
0000000071
0000000020
0000000208
0000000052
0000000198
0000000022
0000000021
0000000155
0000000286
0000000331
0000000186
0000000698
0000000056
0000000357
0000000024
0000000093
0000000178
0000000078
0000000218
0000000052
0000000045
0000000270
0000000272
0000000066
0000000029
0000000506
0000000174
0000000018
0000000597
0000000170
0000000129
0000000256
0000000062
0000000065
0000000053
0000000170
0000000092
0000000023
0000000210
0000000039
0000000253
0000000049
0000000510
0000000015
0000000082
0000000169
0000000017
0000000090
0000000065
0000000036
0000000679
0000000106
0000000240
0000000241
0000000042
0000000125
0000000188
0000000667
0000000384
0000000787
0000000102
0000000043
0000000022
0000000156
0000000068
0000000524
0000000382
0000000047
0000000235
0000000623
0000000108
0000000120
0000000223
0000000217
0000000049
0000000093
0000000307
0000000039
0000000218
0000000052
0000000169
0000000326
0000000120
0000000054
0000000163
0000000088
0000000083
0000000082
0000000216
0000000047
0000000023
0000000221
0000000080
0000000141
0000000037
0000000344
0000000242
0000000106
0000000093
0000000386
0000000167
0000000218
0000000230
0000000017
0000000409
0000000260
0000000092
0000000089
0000000082
0000000122
0000000059
0000000052
0000000149
0000000225
0000000045
0000000180
0000000040
0000000221
0000000211
0000000033
0000000018
0000000100
0000000329
0000000050
0000000168
0000000037
0000000094
0000000088
0000000462
0000000133
0000000134
0000000324
0000000248
0000000053
0000000535
