0000000287
0000000056
0000000346
0000000120
0000000226
0000000328
0000000322
0000000276
0000000047
0000000180
0000000079
0000000080
0000000275
0000000041
0000000292
0000000131
0000000296
0000000051
0000000226
0000000133
0000000126
0000000049
0000000275
0000000198
0000000050
0000000040
0000000080
0000000045
0000000162
0000000153
0000000230
0000000458
0000000177
0000000047
0000000039
0000000050
0000000035
0000000089
0000000148
0000000508
0000000214
0000000412
0000000026
0000000144
0000000064
0000000058
0000000349
0000000295
0000000104
0000000039
0000000211
0000000139
0000000075
0000000038
0000000950
0000000029
0000000443
0000000085
0000000031
0000000366
0000000066
0000000084
0000000179
0000000036
0000000219
0000000316
0000000199
0000000297
0000000095
0000000135
0000000335
0000000058
0000000067
0000000019
0000000066
0000000860
0000000092
0000000267
0000000150
0000000269
0000000150
0000000041
0000000037
0000000083
0000000641
0000000056
0000000036
0000000104
0000000117
0000000024
0000000278
0000000022
0000000397
0000000054
0000000036
0000000167
0000000143
0000000150
0000000056
0000000233
0000000234
0000000158
0000000066
0000000081
0000000262
0000000810
0000000045
0000000148
0000000245
0000000439
0000000036
0000000085
0000000096
0000000065
0000000138
0000000054
0000000064
0000000125
0000000030
0000000037
0000000242
0000000111
0000000133
0000000135
0000000218
0000000120
0000000259
0000000102
0000000060
0000000069
0000000088
0000000154
0000000066
0000000091
0000000032
0000000025
0000000241
0000000040
0000000092
0000000185
0000000718
0000000066
0000000362
0000000241
0000000029
0000000012
0000000221
0000000105
0000000087
0000000074
0000000197
0000000134
0000000364
0000000960
0000000136
0000000018
0000000096
0000000142
0000000099
0000000039
0000000092
0000000188
0000000095
0000000195
0000000127
0000000093
0000000064
0000000044
0000000104
0000000312
0000000124
0000000289
0000000045
0000000033
0000000137
0000000022
0000000074
0000000207
0000000029
0000000181
0000000030
0000000094
0000000329
0000000133
0000000199
0000000327
0000000109
0000000042
0000000405
0000000064
0000000213
0000000090
0000000022
0000000042
0000000143
0000000103
0000000160
0000000123
0000000506
0000000317
0000000178
0000000153
0000000044
0000000066
0000000246
0000000094
0000000094
0000000068
0000000140
0000000051
0000000084
0000000057
0000000095
0000000137
0000000182
0000000296
0000000020
0000000323
0000000044
0000000107
0000000353
0000000792
0000000132
0000000063
0000000090
0000000042
0000000065
0000000202
0000000182
0000000148
0000000288
0000000077
0000000177
0000000133
0000000139
0000000082
0000000460
0000000086
0000000215
0000000045
0000000341
0000000058
0000000503
0000000247
0000000109
0000000199
0000000209
0000000153
0000000077
0000000690
0000000299
0000000069
0000000261
0000000130
0000000340
0000000067
0000000108
0000000078
0000000118
0000000151
0000000171
0000000281
0000000311
0000000351
0000000175
0000000354
0000000122
0000000128
0000000024
0000000059
0000000169
0000000050
0000000143
0000000146
0000000026
0000000302
0000000079
0000000386
0000000137
0000000153
0000000315
0000000290
0000000318
0000000261
0000000060
0000000025
0000000056
0000000329
0000000288
0000000068
0000000051
0000000300
0000000823
0000000164
0000000088
0000000092
0000000076
0000000205
0000000200
0000000058
0000000477
0000000406
0000000205
0000000278
0000000381
0000000197
0000000057
0000000063
0000000271
0000000078
0000000114
0000000065
0000000134
0000000380
0000000066
0000000166
0000000024
0000000466
0000000017
0000000408
0000000394
0000000136
0000000077
0000000425
0000000089
0000000153
0000000066
0000000137
0000000295
0000000297
0000000193
0000000372
0000000307
0000000102
0000000095
0000000239
0000000104
0000000164
0000000180
0000000046
0000000022
0000000342
0000000119
0000000081
0000000033
0000000334
0000000092
0000000323
0000000093
0000000237
0000000324
0000000034
0000000050
0000000115
0000000069
0000000079
0000000179
0000000118
0000000115
0000000058
0000000115
0000000019
0000000250
0000000494
0000000079
0000000057
0000000049
0000000050
0000000150
0000000066
0000000232
0000000341
0000000761
0000000031
0000000365
0000000103
0000000117
0000000593
0000000027
0000000241
0000000116
0000000046
0000000036
0000000017
0000000388
0000000057
0000000166
0000000121
0000000314
0000000056
0000000534
0000000209
0000000684
0000000020
0000000147
0000000394
0000000166
0000000039
0000000052
0000000156
0000000612
0000000055
0000000169
0000000141
0000000024
0000000050
0000000178
0000000070
0000000121
0000000115
0000000192
0000000287
0000000479
0000000307
0000000158
0000000372
0000000122
0000000134
0000000120
0000000103
0000000579
0000000234
0000000406
0000000358
0000000115
0000000097
0000000099
0000000452
0000000421
0000000050
0000000053
0000000056
0000000090
0000000242
0000000717
0000000062
0000000207
0000000130
0000000032
0000000381
0000000050
0000000067
0000000322
0000000088
0000000267
0000000180
0000000103
0000000032
0000000496
0000000128
0000000269
0000000236
0000000099
0000000076
0000000285
0000000061
0000000130
0000000535
0000000052
0000000035
0000000109
0000000027
0000000133
0000000139
0000000028
0000000036
0000000096
0000000367
0000000296
0000000344
0000000117
0000000083
0000000087
0000000224
0000000057
0000000027
0000000113
0000000040
0000000064
0000000292
0000000054
0000000070
0000000133
0000000018
0000000057
0000000038
0000000154
0000000087
0000000041
0000000110
0000000098
0000000133
0000000057
0000000090
0000000445
0000000091
0000000106
0000000218
0000000254
0000000118
0000000017
0000000021
0000000483
0000000108
0000000200
0000000181
0000000233
0000000023
0000000174
0000000028
0000000387
0000000055
0000000551
0000000188
0000000043
0000000035
0000000045
0000000121
0000000243
0000000353
0000000076
0000000158
0000000017
0000000963
0000000053
0000000076
0000000354
0000000064
0000000167
0000000037
0000000027
0000000216
0000000377
0000000296
0000000023
0000000347
0000000029
0000000044
0000000033
0000000132
0000000144
0000000025
0000000050
0000000157
0000000057
0000000097
0000000017
0000000277
0000000173
0000000063
0000000266
0000000440
0000000084
0000000113
0000000024
0000000019
0000000179
0000000148
0000000095
0000000252
0000000095
0000000120
0000000246
0000000342
0000000164
0000000269
0000000021
0000000189
0000000054
0000000064
0000000101
0000000167
0000000130
0000000290
0000000195
0000000141
0000000021
0000000093
0000000129
0000000118
0000000033
0000000060
0000000302
0000000082
0000000357
0000000268
0000000116
0000000205
0000000201
0000000203
0000000470
0000000051
0000000180
0000000378
0000000074
0000000245
0000000219
0000000066
0000000058
0000000017
0000000371
0000000092
0000000017
0000000264
0000000030
0000000089
0000000282
0000000077
0000000243
0000000065
0000000132
0000000065
0000000084
0000000064
0000000138
0000000216
0000000052
0000000225
0000000052
0000000288
0000000113
0000000097
0000000156
0000000053
0000000209
0000000379
0000000148
0000000125
0000000064
0000000076
0000000203
0000000035
0000000019
0000000304
0000000563
0000000229
0000000092
0000000954
0000000219
0000000145
0000000291
0000000036
0000000043
0000000106
0000000261
0000000147
0000000227
0000000132
0000000307
0000000034
0000000051
0000000034
0000000142
0000000127
0000000197
0000000018
0000000079
0000000596
0000000031
0000000072
0000000043
0000000022
0000000032
0000000123
0000000090
0000000088
0000000166
0000000138
0000000851
0000000059
0000000245
0000000239
0000000029
0000000157
0000000286
0000000115
0000000269
0000000032
0000000275
0000000130
0000000330
0000000128
0000000704
0000000074
0000000060
0000000022
0000000068
0000000441
0000000038
0000000372
0000000097
0000000221
0000000178
0000000164
0000000186
0000000076
0000000161
0000000056
0000000149
0000000094
0000000031
0000000406
0000000084
0000000105
0000000476
0000000082
0000000186
0000000247
0000000190
0000000116
0000000317
0000000108
0000000412
0000000136
0000000280
0000000212
0000000109
0000000264
0000000364
0000000202
0000000099
0000000139
