0000000036
0000000034
0000000019
0000000072
0000000170
0000000020
0000000295
0000000046
0000000031
0000000123
0000000156
0000000020
0000000331
0000000030
0000000258
0000000066
0000000149
0000000052
0000000022
0000000383
0000000277
0000000197
0000000975
0000000100
0000000065
0000000060
0000000152
0000000025
0000000084
0000000244
0000000072
0000000056
0000000313
0000000024
0000000060
0000000142
0000000084
0000000115
0000000060
0000000111
0000000102
0000000203
0000000179
0000000835
0000000061
0000000034
0000000055
0000000114
0000000020
0000000189
0000000071
0000000019
0000000049
0000000101
0000000088
0000000291
0000000049
0000000152
0000000294
0000000357
0000000176
0000000157
0000000106
0000000241
0000000108
0000000996
0000000036
0000000069
0000000021
0000000105
0000000042
0000000112
0000000208
0000000057
0000000301
0000000135
0000000037
0000000092
0000000111
0000000045
0000000237
0000000223
0000000923
0000000083
0000000454
0000000100
0000000113
0000000148
0000000156
0000000055
0000000299
0000000084
0000000178
0000000276
0000000278
0000000126
0000000216
0000000144
0000000095
0000000161
0000000183
0000000036
0000000102
0000000327
0000000054
0000000726
0000000352
0000000019
0000000058
0000000200
0000000104
0000000173
0000000360
0000000167
0000000404
0000000048
0000000167
0000000089
0000000039
0000000082
0000000027
0000000021
0000000117
0000000345
0000000351
0000000130
0000000220
0000000128
0000000291
0000000025
0000000374
0000000344
0000000078
0000000059
0000000175
0000000175
0000000033
0000000194
0000000405
0000000227
0000000143
0000000032
0000000053
0000000341
0000000150
0000000197
0000000092
0000000977
0000000159
0000000199
0000000500
0000000120
0000000274
0000000070
0000000107
0000000054
0000000061
0000000123
0000000178
0000000030
0000000097
0000000094
0000000173
0000000131
0000000028
0000000652
0000000173
0000000161
0000000069
0000000022
0000000168
0000000381
0000000126
0000000139
0000000166
0000000233
0000000056
0000000032
0000000129
0000000109
0000000078
0000000028
0000000106
0000000023
0000000132
0000000103
0000000251
0000000275
0000000359
0000000026
0000000132
0000000150
0000000485
0000000207
0000000167
0000000017
0000000806
0000000136
0000000153
0000000200
0000000820
0000000467
0000000189
0000000139
0000000118
0000000099
0000000084
0000000117
0000000015
0000000219
0000000246
0000000224
0000000039
0000000049
0000000051
0000000041
0000000154
0000000093
0000000091
0000000197
0000000080
0000000748
0000000038
0000000779
0000000036
0000000039
0000000045
0000000122
0000000049
0000000045
0000000465
0000000375
0000000203
0000000169
0000000121
0000000244
0000000101
0000000058
0000000045
0000000851
0000000206
0000000250
0000000505
0000000110
0000000232
