0000000103
0000000174
0000000191
0000000132
0000000447
0000000133
0000000069
0000000034
0000000134
0000000048
0000000313
0000000072
0000000061
0000000487
0000000066
0000000453
0000000077
0000000032
0000000091
0000000110
0000000220
0000000034
0000000268
0000000090
0000000025
0000000092
0000000058
0000000182
0000000182
0000000122
0000000471
0000000042
0000000081
0000000071
0000000236
0000000069
0000000211
0000000231
0000000034
0000000211
0000000018
0000000238
0000000052
0000000472
0000000214
0000000216
0000000074
0000000113
0000000054
0000000203
0000000137
0000000110
0000000090
0000000118
0000000473
0000000207
0000000088
0000000264
0000000317
0000000339
0000000189
0000000318
0000000095
0000000132
0000000372
0000000066
0000000035
0000000072
0000000493
0000000068
0000000052
0000000189
0000000031
0000000152
0000000021
0000000136
0000000041
0000000100
0000000268
0000000184
0000000409
0000000393
0000000046
0000000295
0000000071
0000000092
0000000052
0000000117
0000000101
0000000021
0000000153
0000000056
0000000527
0000000089
0000000105
0000000178
0000000348
0000000334
0000000144
0000000301
0000000299
0000000058
0000000082
0000000121
0000000147
0000000098
0000000098
0000000196
0000000040
0000000094
0000000923
0000000176
0000000061
0000000112
0000000021
0000000140
0000000120
0000000088
0000000088
0000000216
0000000191
0000000054
0000000057
0000000073
0000000047
0000000050
0000000433
0000000136
0000000183
0000000240
0000000030
0000000374
0000000111
0000000155
0000000067
0000000255
0000000087
0000000063
0000000024
0000000130
0000000166
0000000349
0000000112
0000000037
0000000046
0000000202
0000000244
0000000045
0000000097
0000000061
0000000079
0000000461
0000000104
0000000041
0000000082
0000000019
0000000386
0000000171
0000000056
0000000053
0000000056
0000000078
0000000028
0000000052
0000000317
0000000068
0000000253
0000000178
0000000137
0000000135
0000000080
0000000041
0000000131
0000000067
0000000370
0000000109
0000000036
0000000136
0000000090
0000000207
0000000073
0000000343
0000000408
0000000126
0000000506
0000000027
0000000097
0000000303
0000000152
0000000125
0000000168
0000000132
0000000095
0000000381
0000000159
0000000032
0000000089
0000000528
0000000132
0000000112
0000000045
0000000290
0000000097
0000000053
0000000117
0000000064
0000000479
0000000461
0000000084
0000000494
0000000278
0000000074
0000000814
0000000041
0000000018
0000000499
0000000144
0000000458
0000000022
0000000186
0000000100
0000000242
0000000100
0000000099
0000000075
0000000316
0000000199
0000000048
0000000155
0000000220
0000000107
0000000078
0000000086
0000000649
0000000052
0000000251
0000000320
0000000040
0000000267
0000000082
0000000205
0000000044
0000000045
0000000293
0000000382
0000000369
0000000448
0000000082
0000000376
0000000061
0000000031
0000000023
0000000020
0000000026
0000000076
0000000234
0000000107
0000000026
0000000256
0000000034
0000000239
0000000021
0000000256
0000000050
0000000041
0000000057
0000000464
0000000059
0000000204
0000000698
0000000545
0000000081
0000000118
0000000306
0000000020
0000000108
0000000108
0000000393
0000000475
0000000094
0000000170
0000000202
0000000126
0000000030
0000000211
0000000547
0000000078
0000000778
0000000317
0000000126
0000000162
0000000060
0000000181
0000000075
0000000218
0000000053
0000000036
0000000112
0000000350
0000000161
0000000325
0000000441
0000000095
0000000098
0000000665
0000000216
0000000041
0000000021
0000000053
0000000209
0000000085
0000000261
0000000287
0000000425
0000000359
0000000137
0000000148
0000000145
0000000078
0000000023
0000000139
0000000028
0000000049
0000000077
0000000337
0000000167
0000000307
0000000060
0000000017
0000000183
0000000045
0000000356
0000000098
0000000078
0000000176
0000000275
0000000027
0000000035
0000000105
0000000170
0000000032
0000000148
0000000490
0000000452
0000000105
0000000682
0000000087
0000000070
0000000040
0000000095
0000000097
0000000174
0000000097
0000000284
0000000320
0000000343
0000000377
0000000281
0000000678
0000000036
0000000129
0000000096
0000000657
0000000278
0000000319
0000000101
0000000108
0000000329
0000000080
0000000223
0000000262
0000000026
0000000122
0000000084
0000000181
0000000380
0000000142
0000000264
0000000036
0000000166
0000000107
0000000252
0000000202
0000000353
0000000158
0000000044
0000000198
0000000175
0000000077
0000000362
0000000254
0000000244
0000000296
0000000024
0000000194
0000000090
0000000059
0000000047
0000000170
0000000108
0000000056
0000000062
0000000179
0000000123
0000000153
0000000203
0000000195
0000000243
0000000150
0000000024
0000000209
0000000226
0000000934
0000000361
0000000189
0000000791
0000000102
0000000209
0000000274
0000000285
0000000131
0000000489
0000000415
0000000359
0000000038
0000000040
0000000064
0000000481
0000000173
0000000263
0000000165
0000000057
0000000074
0000000187
0000000195
0000000111
0000000029
0000000225
0000000041
0000000204
0000000209
0000000194
0000000482
0000000075
0000000067
0000000274
0000000214
0000000089
0000000031
0000000321
0000000057
0000000482
0000000375
0000000019
0000000224
0000000110
0000000303
0000000041
0000000105
0000000036
0000000161
0000000081
0000000310
0000000122
0000000049
0000000440
0000000257
0000000174
0000000430
0000000542
0000000189
0000000062
0000000070
0000000174
0000000058
0000000096
0000000080
0000000119
0000000029
0000000229
0000000061
0000000101
0000000197
0000000017
0000000390
0000000088
0000000165
0000000140
0000000261
0000000216
0000000078
0000000134
0000000242
0000000045
0000000107
0000000175
0000000215
0000000072
0000000036
0000000359
0000000185
0000000131
0000000022
0000000336
0000000053
0000000077
0000000158
0000000147
0000000042
0000000030
0000000203
0000000076
0000000156
0000000157
0000000029
0000000207
0000000109
0000000162
0000000153
0000000175
0000000135
0000000141
0000000267
0000000048
0000000124
0000000235
0000000116
0000000100
0000000207
0000000021
0000000029
0000000090
0000000169
0000000137
0000000105
0000000582
0000000019
0000000074
0000000170
0000000420
0000000222
0000000116
0000000070
0000000083
0000000066
0000000092
0000000021
0000000077
0000000148
0000000256
0000000275
0000000191
0000000198
0000000164
0000000072
0000000166
0000000097
0000000167
0000000040
0000000139
0000000355
0000000030
0000000155
0000000081
0000000198
0000000114
0000000886
0000000041
0000000249
0000000082
0000000057
0000000151
0000000037
0000000099
0000000303
0000000312
0000000863
0000000105
0000000247
0000000170
0000000050
0000000088
0000000145
0000000380
0000000218
0000000024
0000000055
0000000385
0000000271
0000000344
0000000071
0000000054
0000000355
0000000145
0000000288
0000000297
0000000113
0000000029
0000000156
0000000191
0000000064
0000000188
0000000061
0000000537
0000000057
0000000054
0000000032
0000000360
0000000240
0000000516
0000000076
0000000463
0000000170
0000000543
0000000122
0000000080
0000000057
0000000076
0000000135
0000000130
0000000225
0000000436
0000000236
0000000032
0000000099
0000000097
0000000019
0000000174
0000000153
0000000052
0000000226
0000000054
0000000480
0000000451
0000000254
0000000016
0000000055
0000000122
0000000129
0000000253
0000000127
0000000282
0000000126
0000000378
0000000069
0000000271
0000000126
0000000019
0000000285
0000000033
0000000048
0000000056
0000000087
0000000034
0000000036
0000000217
0000000019
0000000045
0000000225
0000000497
0000000101
0000000039
0000000243
0000000040
0000000032
0000000176
0000000027
0000000132
0000000181
0000000544
0000000227
0000000065
0000000061
0000000122
0000000056
0000000145
0000000093
0000000029
0000000092
0000000529
0000000285
0000000088
0000000281
0000000035
0000000093
0000000165
0000000146
0000000476
0000000121
0000000440
0000000256
0000000071
0000000265
0000000230
0000000056
0000000128
0000000537
0000000075
0000000111
0000000301
0000000140
0000000118
0000000185
0000000194
0000000101
0000000081
0000000039
0000000052
0000000028
0000000053
0000000068
0000000382
0000000074
0000000020
0000000041
0000000125
0000000106
0000000162
0000000247
0000000276
0000000163
0000000138
0000000428
0000000218
0000000036
0000000501
0000000067
0000000087
0000000036
0000000079
0000000408
0000000673
0000000341
0000000136
0000000695
0000000470
0000000206
0000000095
0000000051
0000000033
0000000282
0000000272
0000000026
0000000051
0000000275
0000000135
0000000337
0000000037
0000000039
0000000265
0000000042
0000000208
0000000033
0000000050
0000000020
0000000066
0000000038
0000000063
0000000151
0000000119
0000000160
0000000176
0000000088
0000000074
0000000322
0000000109
0000000043
0000000164
0000000046
0000000354
0000000267
0000000163
0000000438
0000000410
0000000243
0000000156
0000000037
0000000460
0000000196
0000000036
0000000051
0000000665
0000000090
0000000084
0000000056
0000000033
0000000086
0000000196
0000000078
0000000297
0000000063
0000000087
0000000118
0000000078
0000000826
0000000975
0000000171
0000000203
0000000043
0000000083
0000000130
0000000439
0000000214
0000000309
0000000180
0000000037
0000000441
0000000080
0000000168
0000000477
0000000198
0000000208
0000000108
0000000059
0000000031
0000000120
0000000072
0000000035
0000000080
0000000034
0000000084
0000000258
0000000295
0000000122
0000000144
0000000066
0000000625
0000000206
0000000045
0000000061
0000000195
0000000193
0000000025
0000000063
0000000084
0000000245
0000000126
0000000211
0000000372
0000000271
0000000089
0000000084
0000000059
0000000052
0000000160
0000000206
0000000294
0000000281
0000000852
0000000283
0000000138
0000000127
0000000043
0000000084
0000000165
0000000376
0000000211
0000000207
0000000235
0000000582
0000000376
0000000067
0000000410
0000000112
0000000465
0000000191
0000000047
0000000121
0000000373
0000000326
0000000114
0000000102
0000000178
0000000045
0000000019
0000000238
0000000439
0000000070
0000000193
0000000175
0000000024
0000000027
0000000164
0000000143
0000000150
0000000397
0000000043
0000000421
0000000154
0000000166
0000000120
0000000080
0000000109
0000000034
0000000245
0000000167
0000000145
0000000015
0000000087
0000000178
0000000096
0000000024
0000000071
0000000083
0000000033
0000000144
0000000181
0000000164
0000000073
0000000135
0000000287
0000000070
0000000197
0000000096
0000000355
0000000227
0000000915
0000000199
0000000203
0000000110
0000000119
0000000217
0000000271
0000000088
0000000037
0000000021
0000000049
0000000152
0000000089
0000000362
0000000232
0000000079
0000000176
0000000139
0000000185
0000000022
0000000028
0000000111
0000000315
0000000020
0000000230
0000000107
0000000087
0000000097
0000000301
0000000242
0000000254
0000000068
0000000052
0000000024
0000000520
0000000084
0000000226
0000000316
0000000192
0000000039
0000000156
0000000042
0000000166
0000000040
0000000445
0000000117
0000000033
0000000240
0000000095
0000000080
0000000109
0000000088
0000000064
0000000062
0000000532
0000000060
0000000123
0000000732
0000000035
0000000107
0000000106
0000000220
0000000391
0000000074
0000000017
0000000239
0000000159
0000000311
0000000290
0000000110
0000000156
0000000509
0000000215
0000000129
0000000044
0000000118
0000000273
0000000195
0000000130
0000000473
0000000135
0000000056
0000000200
0000000112
0000000184
0000000185
0000000056
0000000251
0000000048
0000000164
0000000773
0000000018
0000000026
0000000210
0000000371
0000000105
0000000242
0000000145
0000000122
0000000191
0000000083
0000000050
0000000115
0000000194
0000000020
0000000154
0000000054
0000000097
0000000028
0000000053
0000000536
0000000074
0000000083
0000000046
0000000035
0000000102
0000000095
0000000163
0000000097
0000000424
0000000172
0000000032
0000000114
0000000458
0000000038
0000000024
0000000135
0000000055
0000000142
0000000081
0000000214
0000000239
0000000232
0000000230
0000000078
0000000157
0000000216
0000000451
0000000322
0000000293
0000000018
0000000131
0000000117
0000000045
0000000099
0000000069
0000000224
0000000032
0000000064
0000000211
0000000133
0000000037
0000000320
0000000054
0000000121
0000000433
0000000034
0000000196
0000000079
0000000301
0000000331
0000000182
0000000173
0000000451
0000000286
0000000161
0000000380
0000000168
0000000196
0000000052
0000000106
0000000996
0000000124
0000000991
0000000412
0000000145
0000000425
0000000224
0000000295
0000000148
0000000143
0000000386
0000000152
0000000966
0000000114
0000000069
0000000159
0000000078
0000000744
