0000000057
0000000025
0000000073
0000000100
0000000272
0000000094
0000000405
0000000056
0000000834
0000000471
0000000049
0000000089
0000000093
0000000196
0000000306
0000000252
0000000118
0000000124
0000000122
0000000130
0000000178
0000000239
0000000038
0000000248
0000000147
0000000047
0000000395
0000000052
0000000024
0000000256
0000000095
0000000168
0000000062
0000000101
0000000077
0000000044
0000000149
0000000057
0000000049
0000000822
0000000056
0000000141
0000000076
0000000147
0000000056
0000000108
0000000063
0000000057
0000000230
0000000096
0000000109
0000000147
0000000197
0000000053
0000000121
0000000402
0000000141
0000000045
0000000074
0000000017
0000000192
0000000086
0000000034
0000000094
0000000031
0000000048
0000000121
0000000410
0000000124
0000000319
0000000192
0000000082
0000000400
0000000217
0000000148
0000000030
0000000175
0000000029
0000000068
0000000109
0000000131
0000000194
0000000038
0000000017
0000000271
0000000102
0000000310
0000000348
0000000847
0000000091
0000000099
0000000586
0000000100
0000000044
0000000330
0000000123
0000000026
0000000448
0000000177
0000000127
0000000240
0000000064
0000000089
0000000231
0000000214
0000000085
0000000246
0000000159
0000000049
0000000750
0000000389
0000000063
0000000211
0000000598
0000000256
0000000070
0000000174
0000000021
0000000282
0000000369
0000000049
0000000120
0000000033
0000000078
0000000125
0000000318
0000000711
0000000221
0000000023
0000000353
0000000033
0000000077
0000000062
0000000067
0000000175
0000000332
0000000069
0000000096
0000000188
0000000028
0000000086
0000000022
0000000084
0000000231
0000000133
0000000382
0000000066
0000000417
0000000222
0000000068
0000000132
0000000289
0000000020
0000000206
0000000502
0000000040
0000000174
0000000754
0000000081
0000000056
0000000099
0000000086
0000000088
0000000363
0000000154
0000000328
0000000099
0000000468
0000000075
0000000186
0000000125
0000000462
0000000207
0000000208
0000000047
0000000078
0000000243
0000000362
0000000242
0000000266
0000000116
0000000219
0000000048
0000000070
0000000113
0000000117
0000000827
0000000328
0000000156
0000000030
0000000048
0000000145
0000000031
0000000189
0000000124
0000000249
0000000045
0000000029
0000000088
0000000091
0000000087
0000000430
0000000075
0000000186
0000000274
0000000060
0000000037
0000000716
0000000056
0000000249
0000000065
0000000411
0000000068
0000000712
0000000355
0000000037
0000000340
0000000045
0000000186
0000000272
0000000160
0000000060
0000000219
0000000572
0000000068
0000000036
0000000072
0000000109
0000000029
0000000526
0000000036
0000000032
0000000409
0000000140
0000000067
0000000226
0000000134
0000000349
0000000058
0000000080
0000000091
0000000230
0000000377
0000000046
0000000119
0000000205
0000000155
0000000045
0000000442
0000000302
0000000084
0000000180
0000000061
0000000215
0000000291
0000000087
0000000127
0000000098
0000000272
0000000167
0000000159
0000000176
0000000293
0000000183
0000000181
0000000323
0000000474
0000000085
0000000185
0000000085
0000000181
0000000091
0000000101
0000000103
0000000216
0000000084
0000000026
0000000053
0000000019
0000000134
0000000151
0000000450
0000000084
0000000341
0000000268
0000000071
0000000729
0000000258
0000000161
0000000140
0000000403
0000000091
0000000085
0000000334
0000000077
0000000040
0000000223
0000000101
0000000276
0000000024
0000000056
0000000060
0000000136
0000000168
0000000098
0000000708
0000000085
0000000130
0000000084
0000000066
0000000119
0000000833
0000000101
0000000147
0000000094
0000000042
0000000159
0000000057
0000000288
0000000235
0000000128
0000000026
0000000144
0000000142
0000000292
0000000236
0000000135
0000000280
0000000434
0000000447
0000000347
0000000310
0000000022
0000000151
0000000137
0000000440
0000000156
0000000017
0000000388
0000000017
0000000272
0000000090
0000000134
0000000241
0000000093
0000000310
0000000095
0000000285
0000000208
0000000160
0000000118
0000000072
0000000344
0000000319
0000000394
0000000097
0000000181
0000000079
0000000038
0000000115
0000000581
0000000197
0000000228
0000000037
0000000271
0000000048
0000000125
0000000227
0000000125
0000000983
0000000402
0000000039
0000000544
0000000102
0000000059
0000000426
0000000050
0000000127
0000000152
0000000279
0000000180
0000000209
0000000021
0000000073
0000000074
0000000024
0000000119
0000000325
0000000060
0000000119
0000000189
0000000056
0000000073
0000000208
0000000096
0000000205
0000000065
0000000109
0000000735
0000000397
0000000202
0000000097
0000000263
0000000210
0000000046
0000000286
0000000053
0000000038
0000000155
0000000093
0000000028
0000000180
0000000015
0000000136
0000000104
0000000449
0000000111
0000000071
0000000183
0000000152
0000000033
0000000056
0000000450
0000000414
0000000146
0000000094
0000000178
0000000089
0000000078
0000000197
0000000027
0000000092
0000000170
0000000068
0000000042
0000000270
0000000399
0000000078
0000000028
0000000128
0000000111
0000000023
0000000150
0000000097
0000000980
0000000055
0000000142
0000000069
0000000056
0000000157
0000000039
0000000448
0000000472
0000000139
0000000205
0000000106
0000000159
0000000093
0000000128
0000000327
0000000019
0000000087
0000000023
0000000501
0000000093
0000000160
0000000205
0000000140
0000000171
0000000049
0000000078
0000000339
0000000438
0000000149
0000000087
0000000502
0000000070
0000000305
0000000106
0000000155
0000000479
0000000119
0000000049
0000000040
0000000190
0000000057
0000000300
0000000136
0000000495
0000000273
0000000028
0000000089
0000000338
0000000519
0000000810
0000000107
0000000140
0000000308
0000000034
0000000089
0000000187
0000000219
0000000029
0000000019
0000000072
0000000036
0000000075
0000000128
0000000061
0000000153
0000000121
0000000337
0000000176
0000000138
0000000064
0000000452
0000000035
0000000495
0000000664
0000000036
0000000082
0000000122
0000000031
0000000254
0000000083
0000000108
0000000265
0000000288
0000000060
0000000083
0000000042
0000000020
0000000188
0000000084
0000000264
0000000037
0000000101
0000000135
0000000020
0000000347
0000000074
0000000076
0000000134
0000000201
0000000534
0000000238
0000000450
0000000118
0000000162
0000000076
0000000110
0000000021
0000000358
0000000311
0000000052
0000000076
0000000634
0000000058
0000000509
0000000333
0000000043
0000000787
0000000139
0000000253
0000000534
0000000073
0000000186
0000000157
0000000412
0000000073
0000000160
0000000088
0000000082
0000000216
0000000477
0000000044
0000000072
0000000122
0000000123
0000000080
0000000310
0000000367
0000000061
0000000091
0000000100
0000000029
0000000067
0000000182
0000000107
0000000135
0000000098
0000000110
0000000113
0000000236
0000000115
0000000167
0000000027
0000000209
0000000164
0000000314
0000000205
0000000053
0000000039
0000000126
0000000043
0000000210
0000000219
0000000295
0000000052
0000000578
0000000697
0000000020
0000000085
0000000075
0000000019
0000000711
0000000373
0000000057
0000000069
0000000092
0000000097
0000000032
0000000046
0000000254
0000000429
0000000426
0000000020
0000000134
0000000122
0000000234
0000000045
0000000211
0000000067
0000000119
0000000070
0000000052
0000000235
0000000096
0000000038
0000000123
0000000115
0000000040
0000000238
0000000140
0000000168
0000000051
0000000033
0000000496
0000000042
0000000480
0000000146
0000000063
0000000029
0000000097
0000000813
0000000045
0000000086
0000000123
0000000171
0000000064
0000000169
0000000130
0000000200
0000000138
0000000088
0000000027
0000000097
0000000123
0000000116
0000000017
0000000482
0000000067
0000000201
0000000066
0000000395
0000000049
0000000276
0000000186
0000000358
0000000222
0000000276
0000000047
0000000111
0000000257
0000000089
0000000023
0000000300
0000000153
0000000018
0000000017
0000000113
0000000177
0000000047
0000000043
0000000013
0000000048
0000000312
0000000363
0000000662
0000000194
0000000224
0000000328
0000000024
0000000062
0000000658
0000000231
0000000841
0000000070
0000000506
0000000232
0000000314
0000000180
0000000081
0000000029
0000000823
0000000059
0000000020
0000000142
0000000126
0000000123
0000000265
0000000044
0000000240
0000000545
0000000946
0000000053
0000000330
0000000071
0000000089
0000000443
0000000018
0000000266
0000000147
0000000264
0000000020
0000000205
0000000124
0000000168
0000000169
0000000133
0000000051
0000000231
0000000100
0000000023
0000000097
0000000430
0000000064
0000000221
0000000077
0000000228
0000000024
0000000373
0000000410
0000000044
0000000141
0000000057
0000000121
0000000036
0000000207
0000000243
0000000327
0000000566
0000000308
0000000069
0000000092
0000000035
0000000037
0000000212
0000000160
0000000046
0000000296
0000000298
0000000086
0000000121
0000000085
0000000055
0000000091
0000000085
0000000256
0000000028
0000000503
0000000346
0000000025
0000000814
0000000924
0000000121
0000000213
0000000110
0000000207
0000000031
0000000798
0000000133
0000000057
0000000110
0000000258
0000000438
0000000109
0000000110
0000000425
0000000706
0000000662
0000000144
0000000057
0000000131
0000000096
0000000053
0000000067
0000000467
0000000169
0000000026
0000000144
0000000064
0000000024
0000000266
0000000430
0000000096
0000000054
0000000102
0000000377
0000000267
0000000022
0000000145
0000000153
0000000505
0000000020
0000000144
0000000494
0000000373
0000000218
0000000089
0000000032
0000000119
0000000097
0000000099
0000000049
0000000190
0000000053
0000000163
0000000070
0000000020
0000000122
0000000127
0000000029
0000000127
0000000369
0000000086
0000000092
0000000318
0000000378
0000000087
0000000252
0000000200
0000000252
0000000266
0000000122
0000000076
0000000045
0000000367
0000000056
0000000603
0000000092
0000000022
0000000088
0000000864
0000000285
0000000178
0000000026
0000000034
0000000017
0000000757
0000000042
0000000558
0000000463
0000000030
0000000044
0000000396
0000000431
0000000052
0000000184
0000000143
0000000481
0000000130
0000000072
0000000073
0000000102
0000000208
0000000353
0000000644
0000000061
0000000121
0000000254
0000000026
0000000112
0000000177
0000000361
0000000040
0000000173
0000000130
0000000239
0000000029
0000000244
0000000102
0000000098
0000000018
0000000061
0000000074
0000000402
0000000170
0000000079
0000000120
0000000035
0000000239
0000000352
0000000097
0000000279
0000000462
0000000188
0000000884
0000000072
0000000223
0000000165
0000000035
0000000332
0000000210
0000000217
0000000213
0000000083
0000000042
0000000224
0000000141
0000000521
0000000026
0000000404
0000000115
0000000054
0000000045
0000000218
0000000113
0000000028
0000000275
0000000071
0000000073
0000000236
0000000178
0000000285
0000000096
0000000030
0000000205
0000000154
0000000150
0000000080
0000000191
0000000424
0000000062
0000000170
0000000025
0000000155
0000000074
0000000115
0000000933
0000000114
0000000330
0000000217
0000000107
0000000107
0000000440
