0000000026
0000000188
0000000343
0000000182
0000000069
0000000128
0000000365
0000000025
0000000130
0000000409
0000000024
0000000257
0000000020
0000000021
0000000636
0000000816
0000000171
0000000073
0000000249
0000000134
0000000077
0000000073
0000000373
0000000029
0000000079
0000000325
0000000355
0000000120
0000000152
0000000145
0000000077
0000000138
0000000032
0000000199
0000000017
0000000411
0000000103
0000000548
0000000223
0000000123
0000000045
0000000058
0000000639
0000000774
0000000098
0000000040
0000000279
0000000174
0000000257
0000000084
0000000206
0000000087
0000000255
0000000050
0000000138
0000000061
0000000042
0000000191
0000000027
0000000167
0000000162
0000000186
0000000143
0000000046
0000000096
0000000069
0000000195
0000000343
0000000199
0000000049
0000000097
0000000118
0000000182
0000000188
0000000404
0000000275
0000000045
0000000139
0000000996
0000000022
0000000319
0000000172
0000000116
0000000155
0000000937
0000000101
0000000084
0000000199
0000000282
0000000030
0000000053
0000000182
0000000212
0000000119
0000000231
0000000586
0000000222
0000000123
0000000059
0000000039
0000000152
0000000052
0000000050
0000000509
0000000455
0000000389
0000000443
0000000116
0000000105
0000000066
0000000225
0000000099
0000000051
0000000204
0000000199
0000000027
0000000200
0000000220
0000000218
0000000234
0000000288
0000000253
0000000174
0000000205
0000000185
0000000070
0000000094
0000000072
0000000155
0000000021
0000000183
0000000173
0000000114
0000000246
0000000086
0000000159
0000000282
0000000096
0000000116
0000000017
0000000121
0000000221
0000000224
0000000036
0000000389
0000000263
0000000126
0000000103
0000000648
0000000359
0000000158
0000000136
0000000038
0000000385
0000000046
0000000694
0000000177
0000000457
0000000133
0000000106
0000000030
0000000029
0000000685
0000000037
0000000123
0000000108
0000000089
0000000237
0000000444
0000000023
0000000084
0000000057
0000000086
0000000092
0000000030
0000000053
0000000020
0000000016
0000000115
0000000133
0000000241
0000000167
0000000077
0000000290
0000000333
0000000060
0000000174
0000000178
0000000228
0000000112
0000000126
0000000020
0000000046
0000000048
0000000165
0000000211
0000000194
0000000063
0000000037
0000000367
0000000016
0000000199
0000000041
0000000155
0000000113
0000000148
0000000127
0000000181
0000000177
0000000040
0000000674
0000000362
0000000162
0000000147
0000000200
0000000085
0000000069
0000000026
0000000334
0000000560
0000000045
0000000186
0000000045
0000000203
0000000309
0000000286
0000000287
0000000185
0000000019
0000000043
0000000048
0000000329
0000000053
0000000091
0000000082
0000000071
0000000070
