0000000138
0000000032
0000000071
0000000091
0000000038
0000000134
0000000051
0000000215
0000000554
0000000048
0000000080
0000000105
0000000031
0000000111
0000000053
0000000062
0000000114
0000000125
0000000246
0000000059
0000000157
0000000527
0000000038
0000000130
0000000289
0000000033
0000000420
0000000174
0000000111
0000000022
0000000240
0000000114
0000000311
0000000084
0000000121
0000000066
0000000479
0000000152
0000000223
0000000331
0000000024
0000000641
0000000673
0000000331
0000000774
0000000042
0000000047
0000000087
0000000068
0000000062
0000000048
0000000544
0000000370
0000000119
0000000124
0000000063
0000000214
0000000322
0000000221
0000000500
0000000036
0000000484
0000000248
0000000305
0000000684
0000000108
0000000275
0000000229
0000000131
0000000333
0000000162
0000000065
0000000246
0000000028
0000000044
0000000163
0000000313
0000000103
0000000390
0000000030
0000000159
0000000085
0000000917
0000000764
0000000338
0000000207
0000000149
0000000043
0000000035
0000000119
0000000161
0000000203
0000000239
0000000057
0000000582
0000000142
0000000059
0000000122
0000000271
0000000142
0000000284
0000000031
0000000113
0000000127
0000000093
0000000065
0000000066
0000000237
0000000197
0000000089
0000000603
0000000166
0000000149
0000000045
0000000036
0000000175
0000000076
0000000108
0000000136
0000000192
0000000110
0000000019
0000000345
0000000256
0000000047
0000000031
0000000080
0000000158
0000000026
0000000031
0000000090
0000000074
0000000160
0000000120
0000000065
0000000169
0000000268
0000000197
0000000027
0000000043
0000000067
0000000059
0000000094
0000000088
0000000119
0000000105
0000000091
0000000104
0000000019
0000000086
0000000047
0000000197
0000000062
0000000275
0000000325
0000000362
0000000173
0000000032
0000000062
0000000345
0000000115
0000000105
0000000052
0000000190
0000000150
0000000124
0000000549
0000000224
0000000112
0000000119
0000000107
0000000385
0000000118
0000000212
0000000036
0000000138
0000000020
0000000326
0000000055
0000000504
0000000108
0000000069
0000000080
0000000335
0000000271
0000000029
0000000175
0000000168
0000000360
0000000180
0000000168
0000000060
0000000587
0000000291
0000000311
0000000862
0000000142
0000000694
0000000037
0000000020
0000000129
0000000257
0000000076
0000000064
0000000085
0000000226
0000000629
0000000081
0000000062
0000000106
0000000112
0000000092
0000000167
0000000045
0000000093
0000000076
0000000681
0000000193
0000000093
0000000022
0000000082
0000000148
0000000174
0000000043
0000000115
0000000303
0000000061
0000000015
0000000383
0000000090
0000000045
0000000040
0000000050
0000000136
0000000489
0000000064
0000000112
0000000176
0000000284
0000000384
0000000383
0000000090
0000000063
0000000049
0000000094
0000000048
0000000065
0000000431
0000000127
0000000221
0000000311
0000000140
0000000428
0000000091
0000000069
0000000191
0000000052
0000000063
0000000029
